5 6 56
6 5 8 55
8 6 9
9 8 11 38
11 9 13 38
13 11 26 42
18 33 35
26 13 28 44
28 26 35 45
33 18 35 67
35 28 47 33 18
38 9 11 40
40 38 55
42 13 60
44 26 45 61
45 28 44 47 63
47 35 45 65
55 56 40 6 72
56 5 55 79 92 93
60 42 61 71 83
61 60 44 84
63 45 69 84
65 47 69 67
67 65 33 69 105
69 65 63 100 107
71 60 72 83
72 71 55 97 95
79 56 95 92
83 60 71 97
84 109 63 61
92 56 113 93 79
93 56 92 113
95 72 79 111 113
97 111 72 83 109
100 69 109
105 67 107
107 69 105
109 84 100
111 113 97
113 111 95 92 93
