1 2 6
2 1 3 7
3 2 4 8
4 3 9
5 6 57
6 1 5 7
7 2 6 8 21 22 39
8 3 7 9 21
9 4 8 10 20
10 9 11 24
11 10 12 24
12 11 13 37
13 12 24 19
14 13 15
15 14 28
16 17 29
17 16 18 30
18 17 31 32
19 13 27
20 9 21 23 38 40 41 53
21 7 8 20 22 23 38 39 40 41 53
22 6 7 21 39
23 20 21 38 39 40 41 53
24 10 11 38
25 26 37
26 25 27 36
27 26 19 28
28 15 27 45
29 16 30 46
30 17 29 35 46
31 18 32 35
32 18 33 35
33 32 34 48
34 33 35
35 30 31
36 26 42 43 44
37 12 25 38 42
38 20 21 23 24 37 40 41 53
39 7 21 22 23 55
40 20 21 23 38 41 53 55
41 20 21 23 38 40 42 53 
42 36 37 41 43 52
43 36 42 44 60
44 36 43 45 51 61
45 28 44 46 50
46 29 30 45 47 49
47 35 46 48
48 33 47 66
49 46 50 65 63 64
50 45 49 51 63
51 44 50 62 63
52 42 60
53 20 21 23 38 40 41 42 53 54
54 53 55 59
55 39 56 58
56 55 57 75 76 77
57 5 56
58 55 72 73 74
59 54 60 71 72 
60 52 59 61 71 83
61 44 60 62
62 51 61 63 70
63 49 50 51 62 64 69 70
64 49 63 65 68 69
65 49 64 66 67
66 48 65 104
67 65 68 103
68 64 67 69 102
69 63 64 68 85 101
70 62 63 84 99
71 59 60 72 82
72 58 59 71 73 80 81
73 58 72 74 79 80
74 58 73 75
75 56 74 76 79
76 56 75 78
77 56 78
78 76 77 92 93
79 73 75 91 92
80 72 73 89 90
81 72 82 88 89
82 71 81 83 88
83 60 82 84 87
84 70 83 86
85 69 99 100
86 84 99 109
87 83 97
88 81 82 97
89 80 81 90 96 111
90 80 89 91 95 111
91 79 90 95
92 78 79 94
93 78 94
94 92 93 113
95 90 91 112
96 89 97 110
97 87 88 96 109 110
98 99 108 109
99 70 85 86 98 108
100 85 101 108
101 69 100 102 107
102 68 101 103 106
103 67 102 105
104 66 105
105 103 104 106
106 102 105 107
107 101 106 108
108 98 99 100 107
109 86 97 98
110 96 97 111
111 89 90 110 112
112 95 111 113
113 94 112
